1 0.159091 0.295853 0.069378 0.079745
1 0.332536 0.496810 0.057416 0.092504
1 0.248804 0.565391 0.076555 0.095694
1 0.199761 0.686603 0.050239 0.044657
1 0.744019 0.437799 0.066986 0.063796
1 0.745215 0.520734 0.031100 0.044657
1 0.754785 0.638756 0.045455 0.070175
1 0.816986 0.728070 0.059809 0.146730
1 0.773923 0.956539 0.126794 0.086922
1 0.543062 0.927432 0.033493 0.047847
1 0.592105 0.536683 0.074163 0.076555
1 0.455742 0.337321 0.064593 0.060606
1 0.543062 0.206539 0.090909 0.105263
1 0.303828 0.362839 0.052632 0.086124
1 0.357656 0.375598 0.045455 0.066986
1 0.301435 0.085327 0.071770 0.066986
1 0.172249 0.200159 0.066986 0.022329
1 0.674641 0.025917 0.043062 0.051834
1 0.783493 0.035885 0.040670 0.044657
1 0.936603 0.047049 0.040670 0.047847